0.5389975752009158 (34.0, 47.02127178203499)
0.0 (50.0, 43.30127018922193)
0.40733323622394035 (36.0, 46.647615158762406)
0.5929571810966863 (50.0, 43.30127018922193)
0.38705298283889605 (-6.0, 49.90991885387112)
0.0 (52.0, 42.708313008125245)
0.5971953165596351 (12.000000000000014, 49.63869458396342)
0.5341797159518554 (38.0, 46.24932431938871)
0.5991605227864336 (68.0, -36.66060555964671)
0.0 (54.0, 42.08325082500162)
0.4827202699956814 (54.25863986500216, -42.0)
0.301333490033248 (40.0, 45.8257569495584)
0.4969434281580015 (-4.0, 49.95998398718719)
0.0 (56.0, 41.42463035441595)
0.5976070041645346 (42.0, 45.37620521815371)
0.5895372132378117 (30.0, 47.69696007084728)
0.4870502505113112 (30.0, 47.69696007084728)
0.0 (58.0, 40.7308237088326)
0.5547938353973128 (44.0, 44.8998886412873)
0.3239513588695673 (32.0, 47.37087712930804)
0.350911402367274 (22.0, 48.774993593028796)
0.0 (60.0, 40.0)
0.5825947794082247 (46.0, 44.39594576084623)
0.2661268242633475 (74.0, -33.63034344160047)
0.5613592167926935 (12.000000000000014, 49.63869458396342)
0.0 (62.0, 39.23009049186606)
0.07195713410608699 (26.0, 48.28043081829325)
0.5109249732921972 (50.0, 43.30127018922193)
0.5801073080291282 (50.0, 43.30127018922193)
0.0 (64.0, 38.4187454245971)
0.418816080424605 (64.0, 38.4187454245971)
0.015385525824626711 (64.99230723708769, -38.0)
0.4367878062321184 (66.0, 37.5632799419859)
0.0 (66.0, 37.5632799419859)
0.5925118773120055 (22.0, 48.774993593028796)
0.31489191002056255 (42.0, 45.37620521815371)
0.5806069380796094 (54.0, 42.08325082500162)
0.0 (68.0, 36.66060555964671)
0.37001556070288893 (26.0, 48.28043081829325)
0.5934114792945796 (30.0, 47.69696007084728)
0.4936572547519483 (70.0, 35.70714214271425)
0.0 (70.0, 35.70714214271425)
0.49585693362941263 (58.0, 40.7308237088326)
0.42102304724755985 (48.0, 43.86342439892262)
0.46972103099250584 (34.0, 47.02127178203499)
0.0 (72.0, 34.698703145794944)
0.5052183815141487 (60.0, 40.0)
0.4894044380035774 (50.0, 43.30127018922193)
0.48971681033584735 (74.0, 33.63034344160047)
0.0 (74.0, 33.63034344160047)
0.47970642554462717 (42.0, 45.37620521815371)
0.5953786352088734 (64.0, 38.4187454245971)
0.4967325754441677 (64.0, 38.4187454245971)
0.0 (76.0, 32.49615361854384)
0.5220896831864933 (76.0, 32.49615361854384)
0.32501830161160683 (76.8374908491942, -32.0)
0.5114189168004187 (66.0, 37.5632799419859)
0.0 (78.0, 31.28897569432403)
0.27951095313535246 (52.0, 42.708313008125245)
0.2241321331177168 (58.0, 40.7308237088326)
0.46738511422133483 (52.0, 42.708313008125245)
0.0 (80.0, 29.999999999999993)
0.40533945515866254 (70.0, 35.70714214271425)
0.2308587451552079 (56.0, 41.42463035441595)
None
0.0 (82.0, 28.618176042508374)
0.5261578331389792 (64.0, 38.4187454245971)
0.30147858233618763 (82.8492607088319, -28.0)
0.3699455925638323 (62.0, 39.23009049186606)
0.0 (84.0, 27.12931993250108)
0.5893938804563461 (90.0, 21.794494717703365)
0.32550782793227084 (76.0, 32.49615361854384)
0.16674796749902043 (85.41662601625049, -26.0)
0.0 (86.0, 25.51470164434615)
0.45231823433498464 (78.0, 31.28897569432403)
0.581779434476823 (72.0, 34.698703145794944)
0.4536975956904712 (87.72684879784524, -24.0)
0.0 (88.0, 23.748684174075834)
0.21066720765063357 (74.0, 33.63034344160047)
0.43132045161002874 (76.0, 32.49615361854384)
0.5995545651491909 (89.7997772825746, -21.999999999999996)
0.0 (90.0, 21.794494717703365)
0.44556350716620174 (97.07728879609277, -12.0)
0.4299670431899673 (84.0, 27.12931993250108)
0.30302779823358605 (91.6515138991168, -20.0)
0.0 (92.0, 19.595917942265423)
0.3615748490594533 (99.6794863550169, 4.0)
0.5904606350496238 (93.29523031752481, -18.0)
0.40953936495037624 (93.29523031752481, -18.0)
0.0 (94.0, 17.058722109231987)
0.4835085172321669 (94.74175425861608, -16.0)
0.5164914827678331 (94.74175425861608, -16.0)
0.44022683794634737 (92.0, 19.595917942265423)
0.0 (96.0, 14.000000000000002)
None
0.15457759218554656 (97.07728879609277, -12.0)
0.2656313868664531 (94.0, 17.058722109231987)
0.0 (98.0, 9.94987437106621)
0.4234028680490667 (98.71170143402453, -8.0)
0.5765971319509333 (98.71170143402453, -8.0)
0.4452216641462883 (99.27738916792686, -6.0)
0.1600640512512541 (99.91996797437437, -2.0)
0.5984453911954719 (13.999999999999986, 49.50757517794626)
0.3360034612009407 (44.0, 44.8998886412873)
0.3309011258855996 (28.0, 48.0)
0.5399662535441483 (44.0, 44.8998886412873)
0.3867607946725397 (30.0, 47.69696007084728)
0.35612021377713554 (46.0, 44.39594576084623)
0.5591400502537216 (70.0, -35.70714214271425)
0.30212087893791717 (58.0, -40.7308237088326)
0.3910268807062012 (32.0, 47.37087712930804)
0.4082504458079645 (48.0, 43.86342439892262)
0.592094297039659 (48.0, 43.86342439892262)
0.37536197773005925 (60.0, -40.0)
0.4851087662452998 (50.0, 43.30127018922193)
0.49210855056083946 (50.0, 43.30127018922193)
0.5405384391407005 (50.0, 43.30127018922193)
0.4576521545599791 (62.0, -39.23009049186606)
0.421136893084717 (85.41662601625049, -26.0)
0.49642151685387453 (93.29523031752481, -18.0)
0.523438367731303 (52.0, 42.708313008125245)
0.5503527456368449 (64.0, -38.4187454245971)
0.5821348878377224 (54.0, 42.08325082500162)
0.17191245352877302 (54.0, 42.08325082500162)
0.5587633683960996 (54.0, 42.08325082500162)
0.48678007032060083 (56.0, 41.42463035441595)
0.45221883628040116 (56.0, 41.42463035441595)
0.5356198831226672 (66.0, -37.5632799419859)
0.4810767592659817 (32.0, 47.37087712930804)
0.5344093389362288 (68.0, -36.66060555964671)
0.31818247953060824 (58.0, 40.7308237088326)
0.4764192090931036 (58.0, 40.7308237088326)
0.4374417841271449 (69.39740629158989, -36.0)
0.27265192044480563 (60.0, 40.0)
0.21804265244697235 (60.0, 40.0)
0.5562746645454022 (48.0, 43.86342439892262)
0.458428819750362 (26.0, 48.28043081829325)
0.5108430325535394 (82.8492607088319, -28.0)
0.2634158999029158 (62.0, 39.23009049186606)
0.1647584715653899 (50.0, 43.30127018922193)
0.5902133444497967 (64.0, 38.4187454245971)
0.2896769156981154 (64.0, 38.4187454245971)
0.4513152266458988 (64.0, 38.4187454245971)
0.0448744029447667 (64.99230723708769, 38.0)
0.40548038634210826 (66.0, 37.5632799419859)
0.33464733444165434 (54.0, 42.08325082500162)
0.22443922211841955 (76.0, -32.49615361854384)
0.3104683939695696 (76.0, -32.49615361854384)
0.21360857172885028 (68.0, 36.66060555964671)
0.3601781823524515 (76.8374908491942, -32.0)
0.37976498291466176 (78.0, -31.28897569432403)
0.5835641992519941 (58.0, 40.7308237088326)
0.20035192742269423 (70.0, 35.70714214271425)
0.5402778765295863 (96.0, -14.000000000000002)
0.5979003118660839 (80.0, -29.999999999999993)
0.4259559069060741 (72.0, 34.698703145794944)
0.4726065054957887 (72.0, 34.698703145794944)
0.25814826491227744 (62.0, 39.23009049186606)
0.5022238931059941 (73.32121111929342, 34.0)
0.5751391915249889 (68.0, 36.66060555964671)
0.33392853347871326 (74.0, 33.63034344160047)
0.49534591475491335 (82.8492607088319, -28.0)
0.5396573490339833 (82.8492607088319, -28.0)
0.3509782382803181 (84.0, -27.12931993250108)
0.3587604301584446 (84.0, -27.12931993250108)
0.466545850360714 (76.8374908491942, 32.0)
0.5965781724761897 (78.0, 31.28897569432403)
0.4065797199444365 (78.0, 31.28897569432403)
0.5133846838887228 (86.0, -25.51470164434615)
0.33474296471922477 (94.74175425861608, -16.0)
0.5986762408514485 (80.0, 29.999999999999993)
0.5060358242607017 (80.0, 29.999999999999993)
0.12748595772548857 (98.0, 9.94987437106621)
0.5176897108477232 (68.0, 36.66060555964671)
0.4933138443291504 (74.0, 33.63034344160047)
0.4182918881112379 (82.8492607088319, 28.0)
0.5054325765235816 (82.8492607088319, 28.0)
0.4144343895414071 (84.0, 27.12931993250108)
0.22543858827957944 (76.8374908491942, 32.0)
0.40448777320508295 (74.0, 33.63034344160047)
0.22104819309529122 (85.41662601625049, 26.0)
0.36323778304516924 (86.0, 25.51470164434615)
0.23777864216621722 (80.0, 29.999999999999993)
None
0.447915231983795 (88.0, 23.748684174075834)
0.36552670857539254 (82.0, 28.618176042508374)
0.5734212841679865 (82.0, 28.618176042508374)
0.4768579967904164 (94.74175425861608, -16.0)
0.5234020928323896 (94.74175425861608, -16.0)
0.25532009505809466 (88.0, 23.748684174075834)
0.5725699551941 (96.0, -14.000000000000002)
0.4623418077721979 (96.0, -14.000000000000002)
None
0.13882104725602945 (97.07728879609277, -12.0)
None
0.5305413463967977 (98.0, -9.94987437106621)
0.513263852407155 (98.0, -9.94987437106621)
0.582081278199638 (98.71170143402453, -8.0)
0.46018237160665937 (98.71170143402453, 7.999999999999993)
0.4405477934856583 (99.27738916792686, -6.0)
None
None
None
None
0.3669538198086445 (34.0, 47.02127178203499)
0.4806423261722249 (58.0, -40.7308237088326)
0.12214124748555753 (36.0, 46.647615158762406)
0.5278628904398778 (36.0, 46.647615158762406)
0.4413020954485992 (38.0, 46.24932431938871)
0.3051331579222378 (38.0, 46.24932431938871)
0.2822320892457241 (38.0, 46.24932431938871)
0.4938736587245622 (40.0, 45.8257569495584)
0.1480559927040513 (40.0, 45.8257569495584)
0.39993635000674066 (74.0, -33.63034344160047)
0.5942698086754734 (42.0, 45.37620521815371)
0.5892688256152453 (64.0, -38.4187454245971)
0.2686034926492717 (42.0, 45.37620521815371)
0.5318990623604939 (42.0, 45.37620521815371)
0.36180784278797634 (44.0, 44.8998886412873)
0.12141752291736459 (44.0, 44.8998886412873)
0.29507659542623377 (66.0, -37.5632799419859)
0.4743506184486418 (46.0, 44.39594576084623)
0.38359434860306296 (46.0, 44.39594576084623)
0.5147392979899014 (78.0, -31.28897569432403)
0.1530272662230398 (68.0, -36.66060555964671)
0.3750335365214645 (88.0, -23.748684174075834)
0.5685601264437232 (47.49736834815167, 44.0)
0.48710499712315397 (69.39740629158989, -36.0)
0.5907636564251129 (50.0, 43.30127018922193)
0.4457037982958774 (50.0, 43.30127018922193)
0.3664692427023495 (38.0, 46.24932431938871)
0.5670385630637464 (72.0, -34.698703145794944)
0.19819562585087583 (72.0, -34.698703145794944)
0.3577644457167908 (52.0, 42.708313008125245)
0.359858719117994 (82.8492607088319, -28.0)
0.40182284375024013 (54.0, 42.08325082500162)
0.29770545766804074 (54.0, 42.08325082500162)
0.4738923223134429 (84.0, -27.12931993250108)
0.4031614837373704 (30.0, 47.69696007084728)
0.12170381696842249 (56.0, 41.42463035441595)
0.41011178074673704 (85.41662601625049, -26.0)
0.5729329348252207 (58.0, 40.7308237088326)
0.33160981246890764 (76.8374908491942, -32.0)
0.49275422214425874 (58.0, 40.7308237088326)
0.4629225841643328 (48.0, 43.86342439892262)
0.26982896969206965 (60.0, 40.0)
0.2766260885624077 (42.0, 45.37620521815371)
0.5956410795784352 (88.0, -23.748684174075834)
0.5138440812055871 (50.0, 43.30127018922193)
0.42626801863169217 (62.0, 39.23009049186606)
0.5135168564052441 (52.0, 42.708313008125245)
0.5943835810408381 (64.0, 38.4187454245971)
0.5243651102942127 (64.0, 38.4187454245971)
0.3569043505479687 (82.0, -28.618176042508374)
0.5806108354483636 (58.0, 40.7308237088326)
0.3358585183806418 (56.0, 41.42463035441595)
0.4954110276696395 (66.0, 37.5632799419859)
0.41032907388724627 (54.0, 42.08325082500162)
0.4570875582558973 (68.0, 36.66060555964671)
0.5067699260076398 (84.0, -27.12931993250108)
0.4951263661751413 (60.0, 40.0)
0.1383789576330365 (85.41662601625049, -26.0)
0.47702664533052064 (70.0, 35.70714214271425)
0.48019875291688824 (86.0, -25.51470164434615)
0.5686216779454822 (94.74175425861608, -16.0)
0.4675747782071951 (94.74175425861608, -16.0)
0.3015658109043026 (87.72684879784524, -24.0)
0.10346712750830193 (73.32121111929342, 34.0)
0.3866027429953306 (74.0, 33.63034344160047)
0.43611736540864887 (98.0, 9.94987437106621)
0.515579859440831 (64.0, 38.4187454245971)
0.597725402279065 (76.0, 32.49615361854384)
0.5560477372910344 (76.0, 32.49615361854384)
0.2137835313215326 (70.0, 35.70714214271425)
0.21574079538064483 (68.0, 36.66060555964671)
0.4554074753054643 (91.6515138991168, -20.0)
0.558561468003135 (72.0, 34.698703145794944)
0.47068096476904225 (80.0, 29.999999999999993)
0.1305288293973617 (99.6794863550169, 4.0)
0.5494664659638262 (93.29523031752481, -18.0)
0.5217904738736578 (82.0, 28.618176042508374)
0.484652728288017 (82.0, 28.618176042508374)
0.26932282527490636 (99.27738916792686, -6.0)
0.49404843737284254 (80.0, 29.999999999999993)
0.38071712862501667 (84.0, 27.12931993250108)
0.5811483385752788 (84.0, 27.12931993250108)
0.18548055332597566 (86.0, 25.51470164434615)
0.5258646178387537 (86.0, 25.51470164434615)
0.5293002564657623 (84.0, 27.12931993250108)
0.5285172336602759 (97.07728879609277, -12.0)
0.5051103174510616 (97.07728879609277, -12.0)
0.44122442911904886 (99.91996797437437, 2.0)
0.2732396793271041 (98.0, -9.94987437106621)
0.5458299232576436 (90.0, 21.794494717703365)
0.5100174078926474 (98.71170143402453, -8.0)
0.28075489835015016 (92.0, 19.595917942265423)
0.5380327138286469 (99.27738916792686, -6.0)
0.5699468762792799 (94.0, 17.058722109231987)
0.46619301198987134 (99.6794863550169, -4.0)
None
0.48014045051491777 (99.91996797437437, -2.0)
None
None
None
None
None
0.30357922391341147 (26.0, 48.28043081829325)
0.3543113628754735 (26.0, 48.28043081829325)
0.5363938548235534 (28.0, 48.0)
0.12824287289468564 (28.0, 48.0)
0.4837563003023527 (15.999999999999986, 49.35585071701227)
0.2745463488320524 (30.0, 47.69696007084728)
0.34140852633777996 (64.0, -38.4187454245971)
0.5252115249587906 (30.0, 47.69696007084728)
0.28330551988747416 (6.0, 49.90991885387112)
0.26853702084155007 (32.0, 47.37087712930804)
0.19186453252319433 (66.0, -37.5632799419859)
0.48052380417384355 (34.0, 47.02127178203499)
0.5468477265095971 (34.0, 47.02127178203499)
0.5316904005611667 (36.0, 46.647615158762406)
0.5923124105232868 (36.0, 46.647615158762406)
0.5164781516116218 (24.0, 48.53864439804639)
0.5544663303730056 (26.0, 48.28043081829325)
0.3561059021291932 (69.39740629158989, -36.0)
0.5531613353000687 (38.0, 46.24932431938871)
0.5295949525359077 (40.0, 45.8257569495584)
0.18224263985283934 (40.0, 45.8257569495584)
0.23006556866973998 (22.0, 48.774993593028796)
0.3690741291458314 (42.0, 45.37620521815371)
0.4737783439236722 (72.0, -34.698703145794944)
0.30075843544753106 (73.32121111929342, -34.0)
0.5715573987092551 (74.0, -33.63034344160047)
0.41020451673015823 (44.0, 44.8998886412873)
0.2786635160038743 (84.0, -27.12931993250108)
0.2967988284196415 (46.0, 44.39594576084623)
0.5593442586466207 (76.0, -32.49615361854384)
0.5639381134974867 (48.0, 43.86342439892262)
0.5284304280301217 (76.0, -32.49615361854384)
0.04464910140445264 (76.8374908491942, -32.0)
0.5278568335019402 (39.191835884530846, 46.0)
0.43870923591365596 (50.0, 43.30127018922193)
0.5985112045948198 (50.0, 43.30127018922193)
0.4835629629503582 (52.0, 42.708313008125245)
0.20896942498769347 (52.0, 42.708313008125245)
0.33813610840197983 (80.0, -29.999999999999993)
0.28807301611680836 (80.0, -29.999999999999993)
0.4956762295570144 (40.0, 45.8257569495584)
0.5462763463248376 (54.25863986500216, 42.0)
0.47024567475342555 (56.0, 41.42463035441595)
0.5532375183832503 (56.0, 41.42463035441595)
0.1455457885908677 (48.0, 43.86342439892262)
0.38932149173220176 (58.0, 40.7308237088326)
0.5810350440897933 (91.6515138991168, -20.0)
0.292482209452667 (46.0, 44.39594576084623)
0.37318908055321076 (60.0, 40.0)
0.23927781612576185 (52.0, 42.708313008125245)
0.1465888871828552 (50.0, 43.30127018922193)
0.5329132102925265 (85.41662601625049, -26.0)
0.1867259515280948 (86.0, -25.51470164434615)
0.46646117971771367 (94.0, -17.058722109231987)
0.11631036715233002 (64.0, 38.4187454245971)
0.44203131835348713 (87.72684879784524, -24.0)
0.2130590608577134 (99.27738916792684, 6.000000000000007)
0.5099819540767301 (60.0, 40.0)
0.47436379716163984 (60.0, 40.0)
0.11930575795729907 (96.0, -14.000000000000002)
0.3409905469390819 (68.0, 36.66060555964671)
0.06621938241133071 (90.0, -21.794494717703365)
0.4945416054576517 (97.07728879609277, -12.0)
0.5098710256481571 (64.0, 38.4187454245971)
0.3796059209938569 (64.99230723708769, 38.0)
0.2893298421480382 (72.0, 34.698703145794944)
0.4825161068946369 (92.0, -19.595917942265423)
0.26232563622965993 (68.0, 36.66060555964671)
0.4502510696147148 (74.0, 33.63034344160047)
0.5031968179156835 (93.29523031752481, -18.0)
0.565604260540628 (93.29523031752481, -18.0)
0.4284329309118153 (94.0, -17.058722109231987)
0.5401477949792425 (76.8374908491942, 32.0)
0.39664922464630264 (78.0, 31.28897569432403)
0.31800619249091444 (98.0, 9.94987437106621)
0.49663363645013037 (76.0, 32.49615361854384)
0.4185276491477674 (80.0, 29.999999999999993)
0.40087674222884256 (96.0, -14.000000000000002)
0.22370539837203487 (92.0, 19.595917942265423)
None
0.29919718064566325 (97.07728879609277, -12.0)
0.2880455676062273 (99.91996797437437, 2.0)
0.4485383164426004 (98.0, -9.94987437106621)
0.5660318872118933 (98.0, -9.94987437106621)
0.5484768536574648 (86.0, 25.51470164434615)
0.36939325251186494 (98.71170143402453, -8.0)
0.18362904727313564 (88.0, 23.748684174075834)
0.4339839039561311 (99.27738916792686, -6.0)
0.34800068076005264 (90.0, 21.794494717703365)
0.4912956424604878 (99.6794863550169, -4.0)
0.5406654230715234 (92.0, 19.595917942265423)
0.561329522700649 (99.91996797437437, -2.0)
0.2205125073849786 (100.0, 0.0)
0.5501345364647953 (99.91996797437437, 2.0)
0.4820693940561695 (96.0, 14.000000000000002)
0.16685913930170804 (98.71170143402453, 7.999999999999993)
None
None
None
None
None
None
0.21106923949943812 (72.0, -34.698703145794944)
0.47172115008292353 (10.000000000000014, 49.749371855331)
0.5388395369804367 (20.0, 48.98979485566356)
0.5151642830570629 (20.0, 48.98979485566356)
0.5147499943696827 (22.0, 48.774993593028796)
0.48991198049036766 (22.0, 48.774993593028796)
0.5862337873618805 (24.0, 48.53864439804639)
0.564549595136743 (24.0, 48.53864439804639)
0.5121986409787898 (76.0, -32.49615361854384)
0.5067618254590062 (26.0, 48.28043081829325)
0.5132718592483958 (26.0, 48.28043081829325)
0.528238935552815 (28.0, 48.0)
0.534487443058985 (28.0, 48.0)
0.4878094772284996 (69.39740629158989, -36.0)
0.32501730242273424 (70.0, -35.70714214271425)
0.5138314367522809 (30.0, 47.69696007084728)
0.5599242658482417 (32.0, 47.37087712930804)
0.4493384644565805 (32.0, 47.37087712930804)
0.5149657582258226 (72.0, -34.698703145794944)
0.5864969532008372 (73.32121111929342, -34.0)
0.2538252068892223 (26.0, 48.28043081829325)
0.27869868589883406 (74.0, -33.63034344160047)
0.46368589526647436 (28.0, 48.0)
0.5757579316797385 (84.0, -27.12931993250108)
0.4956832079143958 (38.0, 46.24932431938871)
0.06851525521548515 (76.0, -32.49615361854384)
0.45289674450509126 (40.0, 45.8257569495584)
0.45694289714819664 (32.0, 47.37087712930804)
0.44138711847088236 (86.0, -25.51470164434615)
0.317949172565264 (78.0, -31.28897569432403)
0.33987902976995454 (93.29523031752481, -18.0)
0.5162395810070275 (94.0, -17.058722109231987)
0.43756032460819755 (44.0, 44.8998886412873)
0.5889202566637672 (80.0, -29.999999999999993)
0.14459289336468847 (46.0, 44.39594576084623)
0.4823331773394945 (40.0, 45.8257569495584)
0.5362427355852176 (40.0, 45.8257569495584)
0.3396019223341433 (99.27738916792686, -6.0)
0.34359567369869237 (82.0, -28.618176042508374)
0.3200883125269738 (82.8492607088319, -28.0)
0.5347715522830241 (50.0, 43.30127018922193)
0.4156087661412278 (91.6515138991168, -20.0)
0.3514504619064023 (52.0, 42.708313008125245)
0.5546116028111838 (92.0, -19.595917942265423)
0.20572621702083052 (46.0, 44.39594576084623)
0.17380193172894 (85.41662601625049, -26.0)
0.4121432081899954 (93.29523031752481, -18.0)
0.14742562453583574 (56.0, 41.42463035441595)
0.13021810022331684 (94.0, -17.058722109231987)
0.5485689990412882 (58.0, 40.7308237088326)
0.584126377652837 (94.74175425861608, -16.0)
0.26029431653028207 (88.0, -23.748684174075834)
0.4715151905245065 (60.0, 40.0)
0.16065672983089893 (56.0, 41.42463035441595)
0.4340687516612949 (62.0, 39.23009049186606)
0.5329114462415591 (99.6794863550169, -4.0)
0.5097755725898012 (60.0, 40.0)
0.18269154655911982 (60.0, 40.0)
0.3280158942646825 (64.99230723708769, 38.0)
0.41578215117111983 (66.0, 37.5632799419859)
0.27423942936229323 (92.0, -19.595917942265423)
0.3221762770555869 (64.0, 38.4187454245971)
0.22287563951364364 (64.99230723708769, 38.0)
0.514891966094146 (93.29523031752481, -18.0)
0.40550703061710636 (70.0, 35.70714214271425)
0.06284567033842023 (94.0, -17.058722109231987)
0.5877894625208347 (99.27738916792686, -6.0)
0.4976390227850674 (72.0, 34.698703145794944)
0.3538141733333295 (73.32121111929342, 34.0)
0.5724966614669985 (74.0, 33.63034344160047)
0.3517682411270852 (96.0, -14.000000000000002)
0.5249869448691753 (96.0, -14.000000000000002)
0.4672920929778008 (76.0, 32.49615361854384)
0.3593734563922224 (76.8374908491942, 32.0)
0.19831006923668124 (78.0, 31.28897569432403)
0.5127564399945314 (80.0, 29.999999999999993)
0.3355754496087681 (80.0, 29.999999999999993)
0.33766518005844903 (98.0, -9.94987437106621)
0.45616356983673584 (82.0, 28.618176042508374)
0.2380121981054885 (98.71170143402453, -8.0)
0.48570741283595575 (86.0, 25.51470164434615)
0.4313869214464245 (99.27738916792686, -6.0)
0.2594311960787156 (85.41662601625049, 26.0)
0.5822350327998145 (99.6794863550169, -4.0)
0.27145370325740587 (99.6794863550169, -4.0)
None
0.35253074618666 (90.0, 21.794494717703365)
None
0.0823282609848577 (92.0, 19.595917942265423)
0.5885713064761872 (94.0, 17.058722109231987)
0.5878068408234215 (94.0, 17.058722109231987)
0.3528087069990951 (98.0, 9.94987437106621)
None
None
None
None
None
None
None
None
None
None
0.5752915153449869 (64.0, -38.4187454245971)
0.5459742763946763 (13.999999999999986, 49.50757517794626)
0.542674123014429 (66.0, -37.5632799419859)
0.396639787511687 (15.999999999999986, 49.35585071701227)
0.5660167144416837 (8.0, 49.83974317750845)
0.23065884625210195 (18.0, 49.18333050943175)
0.3231411428305162 (68.0, -36.66060555964671)
0.0851203676373546 (20.0, 48.98979485566356)
0.570646378886703 (76.8374908491942, -32.0)
0.20963990313208783 (22.0, 48.774993593028796)
0.29429475124478804 (70.0, -35.70714214271425)
0.43699345050475924 (24.0, 48.53864439804639)
0.26959529991980924 (15.999999999999986, 49.35585071701227)
0.5901649307103416 (72.0, -34.698703145794944)
0.494313664011564 (72.0, -34.698703145794944)
0.5745764488885181 (22.0, 48.774993593028796)
0.587873244923871 (22.0, 48.774993593028796)
0.34277113837764966 (74.0, -33.63034344160047)
0.5341858875442925 (30.0, 47.69696007084728)
0.5245846154457409 (90.0, -21.794494717703365)
0.4407832535491792 (32.0, 47.37087712930804)
0.5603278133179955 (32.0, 47.37087712930804)
0.5769578522264377 (34.0, 47.02127178203499)
0.5991999402652851 (76.8374908491942, -32.0)
0.5995578945072203 (76.8374908491942, -32.0)
0.5087387416899931 (78.0, -31.28897569432403)
0.04406842788907842 (32.0, 47.37087712930804)
0.5433819063274774 (32.0, 47.37087712930804)
0.56612185572605 (34.0, 47.02127178203499)
0.2945737674727805 (39.191835884530846, 46.0)
0.3579438189818544 (40.0, 45.8257569495584)
0.4234413788780754 (36.0, 46.647615158762406)
0.5133691916170209 (42.0, 45.37620521815371)
0.539021425755425 (39.191835884530846, 46.0)
0.48605645045755663 (82.0, -28.618176042508374)
0.5257174218217819 (82.8492607088319, -28.0)
0.49762735227406235 (96.0, -14.000000000000002)
0.4567509008387688 (46.0, 44.39594576084623)
0.21426225711973726 (47.49736834815167, 44.0)
0.337286142010162 (48.0, 43.86342439892262)
0.4269245985798776 (85.41662601625049, -26.0)
0.34223428572795284 (86.0, -25.51470164434615)
0.3897555403876021 (86.0, -25.51470164434615)
0.22457448684921885 (100.0, 0.0)
0.579374540907686 (52.0, 42.708313008125245)
0.47473230573569686 (94.0, -17.058722109231987)
0.41013841683291796 (54.0, 42.08325082500162)
0.42541046423019707 (52.0, 42.708313008125245)
0.22452229463919096 (99.27738916792686, -6.0)
0.07047609347507305 (56.0, 41.42463035441595)
0.5121497052943534 (58.0, 40.7308237088326)
0.5805572323315258 (64.0, 38.4187454245971)
0.5790891525540844 (60.0, 40.0)
0.30502942453929044 (68.0, 36.66060555964671)
0.35314491779863977 (91.6515138991168, -20.0)
0.13402078662644537 (92.0, -19.595917942265423)
0.28332487398410494 (62.0, 39.23009049186606)
0.08795190341283689 (64.0, 38.4187454245971)
0.14441975586747438 (93.29523031752481, -18.0)
0.3669940720487956 (98.71170143402453, -8.0)
0.37285709625581176 (94.0, -17.058722109231987)
0.5309262804237843 (68.0, 36.66060555964671)
0.5086470438684798 (68.0, 36.66060555964671)
0.5265168121961673 (69.39740629158989, 36.0)
0.32916723414189913 (78.0, 31.28897569432403)
0.28773128959618716 (96.0, -14.000000000000002)
0.27933086562191023 (72.0, 34.698703145794944)
0.49531630568375395 (73.32121111929342, 34.0)
0.4275241100539556 (97.07728879609277, -12.0)
None
0.0999337479925878 (76.0, 32.49615361854384)
0.42257738289273 (76.8374908491942, 32.0)
None
0.39455408250636037 (99.6794863550169, 4.0)
0.16008308533926474 (80.0, 29.999999999999993)
0.387462374021998 (98.71170143402453, 7.999999999999993)
0.15430987914626812 (99.27738916792686, -6.0)
0.256724397770464 (82.8492607088319, 28.0)
0.5264609100185575 (99.6794863550169, -4.0)
0.4633949809512314 (85.41662601625049, 26.0)
0.3736876865528605 (86.0, 25.51470164434615)
0.2953747821344293 (87.72684879784524, 24.0)
0.24881794079961736 (100.0, 0.0)
None
0.5521067538866093 (99.6794863550169, 4.0)
0.2925541325177371 (93.29523031752481, 18.0)
0.32288772605014243 (98.0, 9.94987437106621)
None
None
None
None
None
None
None
None
None
None
None
None
None
None
None
0.5371366254734039 (12.000000000000014, 49.63869458396342)
0.5988847226551718 (8.0, 49.83974317750845)
0.17926807128138045 (74.0, -33.63034344160047)
0.43388450802565304 (12.000000000000014, 49.63869458396342)
0.3901621416380523 (68.0, -36.66060555964671)
0.2485831447723927 (13.999999999999986, 49.50757517794626)
0.4117322059158393 (76.0, -32.49615361854384)
0.30265183408059243 (69.39740629158989, -36.0)
0.20727805025602547 (70.0, -35.70714214271425)
0.45006863620610993 (18.0, 49.18333050943175)
0.5331532706262117 (85.41662601625049, -26.0)
0.5361997191039105 (72.0, -34.698703145794944)
0.46781032550892687 (72.0, -34.698703145794944)
0.5607273166502278 (24.0, 48.53864439804639)
0.5358086288206028 (26.0, 48.28043081829325)
0.4697123209446096 (26.0, 48.28043081829325)
0.5799038015249665 (28.0, 48.0)
0.5194489356536071 (28.0, 48.0)
0.48748651491295314 (26.0, 48.28043081829325)
0.19733154055178728 (76.0, -32.49615361854384)
0.5498215726571437 (76.8374908491942, -32.0)
0.5610035583880525 (30.0, 47.69696007084728)
0.4427303926876347 (78.0, -31.28897569432403)
0.5620487888655492 (78.0, -31.28897569432403)
0.4994799272458484 (86.0, -25.51470164434615)
0.42376108947672525 (36.0, 46.647615158762406)
0.06467669967477023 (80.0, -29.999999999999993)
0.3486543699638214 (38.0, 46.24932431938871)
0.4808295195760061 (36.0, 46.647615158762406)
0.590043613578253 (38.0, 46.24932431938871)
0.3941227349724078 (82.0, -28.618176042508374)
0.5429621131004089 (89.7997772825746, -21.999999999999996)
0.4417810055068306 (82.8492607088319, -28.0)
0.5053403200603047 (84.0, -27.12931993250108)
0.45793753065068765 (44.0, 44.8998886412873)
0.45852812273030724 (99.27738916792686, -6.0)
0.05207882212016608 (46.0, 44.39594576084623)
0.5525778453784543 (46.0, 44.39594576084623)
0.5795846459605304 (48.0, 43.86342439892262)
0.25761158968957704 (47.49736834815167, 44.0)
0.14523352409360937 (93.29523031752481, -18.0)
0.3312434378504365 (50.0, 43.30127018922193)
0.5619496279818291 (52.0, 42.708313008125245)
0.5848975970961643 (52.0, 42.708313008125245)
0.5963416052121528 (54.0, 42.08325082500162)
0.49871796884707836 (89.7997772825746, -21.999999999999996)
0.100590665171223 (99.27738916792686, -6.0)
0.3307217529942007 (56.0, 41.42463035441595)
0.5105056274438009 (99.6794863550169, -4.0)
0.38048088310082534 (58.0, 40.7308237088326)
0.5612153694095653 (92.0, -19.595917942265423)
0.41316029710970825 (60.0, 40.0)
0.4178820144058582 (62.0, 39.23009049186606)
0.4638944603715468 (93.29523031752481, -18.0)
0.15548650862019817 (80.0, 29.999999999999993)
0.28160729044656735 (64.0, 38.4187454245971)
0.477852005603536 (94.0, -17.058722109231987)
0.5874148589543601 (66.0, 37.5632799419859)
0.5953662035833989 (94.74175425861608, -16.0)
0.5737113373590007 (99.27738916792686, -6.0)
0.5011044193835645 (96.0, -14.000000000000002)
0.21807861894488703 (70.0, 35.70714214271425)
0.24235087363031793 (73.32121111929342, 34.0)
0.5008515691326834 (97.07728879609277, -12.0)
0.22630894222047013 (76.0, 32.49615361854384)
0.12571643083045278 (74.0, 33.63034344160047)
0.5137910181288415 (99.91996797437437, 2.0)
0.2769950836737119 (76.0, 32.49615361854384)
0.3206541446377832 (76.8374908491942, 32.0)
0.3072720384869881 (78.0, 31.28897569432403)
0.202547240417204 (86.0, 25.51470164434615)
0.3022422773028878 (99.27738916792686, -6.0)
0.38927894787329964 (82.0, 28.618176042508374)
0.5517895274758041 (82.8492607088319, 28.0)
None
0.2852129892328371 (85.41662601625049, 26.0)
0.40503585334921705 (86.0, 25.51470164434615)
0.32678283020093657 (88.0, 23.748684174075834)
0.28738928586278434 (99.91996797437437, 2.0)
0.17279519404043303 (99.6794863550169, 4.0)
0.5963475513238016 (92.0, 19.595917942265423)
0.2765015062428929 (94.0, 17.058722109231987)
None
None
None
None
None
None
None
None
None
None
None
None
None
None
None
None
None
None
None
None
0.5553903121766147 (66.0, -37.5632799419859)
0.47363179564419183 (66.0, -37.5632799419859)
0.556774982008507 (13.999999999999986, 49.50757517794626)
0.43044513272201906 (15.999999999999986, 49.35585071701227)
0.4454983665900932 (68.0, -36.66060555964671)
0.5877431007790767 (69.39740629158989, -36.0)
0.5487639482805606 (70.0, -35.70714214271425)
0.29216541543917285 (76.8374908491942, -32.0)
0.3381266742949779 (20.0, 48.98979485566356)
0.5704098495757588 (84.0, -27.12931993250108)
0.4192510839054801 (72.0, -34.698703145794944)
0.4788838185655482 (24.0, 48.53864439804639)
0.19557715655410363 (24.0, 48.53864439804639)
0.22098624274646964 (26.0, 48.28043081829325)
0.37938379899999125 (26.0, 48.28043081829325)
0.06214873862630265 (28.0, 48.0)
0.4320533512022098 (28.0, 48.0)
0.3634269415917371 (30.0, 47.69696007084728)
0.4636475916843177 (30.0, 47.69696007084728)
0.03000872819125506 (84.0, -27.12931993250108)
0.417363131989912 (78.0, -31.28897569432403)
0.5853380493530235 (78.0, -31.28897569432403)
0.24944483312006746 (34.0, 47.02127178203499)
0.4057451913875612 (86.0, -25.51470164434615)
0.05736574190454009 (80.0, -29.999999999999993)
0.5670312605593261 (38.0, 46.24932431938871)
0.4246414683236433 (88.0, -23.748684174075834)
0.40479117535605785 (40.0, 45.8257569495584)
0.5965754608736352 (40.0, 45.8257569495584)
0.40946191235794976 (46.0, 44.39594576084623)
0.46225676208824296 (42.0, 45.37620521815371)
0.20614895378347559 (84.0, -27.12931993250108)
0.39843973524138804 (44.0, 44.8998886412873)
0.33615962401191635 (47.49736834815167, 44.0)
0.08327137726942695 (85.41662601625049, -26.0)
0.43751921089597756 (47.49736834815167, 44.0)
0.42628785594710744 (48.0, 43.86342439892262)
0.4825896964701235 (50.0, 43.30127018922193)
0.4429245574195507 (50.0, 43.30127018922193)
0.41182397845452984 (52.0, 42.708313008125245)
0.5149340114288429 (94.0, -17.058722109231987)
0.5174080674224555 (94.74175425861608, -16.0)
0.2844779699903446 (98.71170143402453, -8.0)
0.09678258310356164 (90.0, -21.794494717703365)
0.2864495561244726 (56.0, 41.42463035441595)
0.44500845098506264 (58.0, 40.7308237088326)
0.5482444446041862 (58.0, 40.7308237088326)
0.2444661987856366 (64.99230723708769, 38.0)
0.22277581556720522 (60.0, 40.0)
0.09203450361300536 (68.0, 36.66060555964671)
0.5273415278565176 (62.0, 39.23009049186606)
0.5606028811166912 (94.0, -17.058722109231987)
0.43041441941315606 (64.0, 38.4187454245971)
0.4069780141362417 (94.74175425861608, -16.0)
0.4221663741736884 (76.0, 32.49615361854384)
0.36164322785234004 (76.8374908491942, 32.0)
0.4022275864447681 (68.0, 36.66060555964671)
0.19393489023745553 (69.39740629158989, 36.0)
0.4926528767763691 (99.6794863550169, -4.0)
0.5846303458741922 (76.0, 32.49615361854384)
0.47469419220052755 (97.07728879609277, -12.0)
0.2637948911843669 (74.0, 33.63034344160047)
0.14907927873362606 (98.0, -9.94987437106621)
0.3450294558789971 (82.0, 28.618176042508374)
0.442070751928077 (98.71170143402453, -8.0)
0.3970541711159284 (78.0, 31.28897569432403)
0.5980594411725881 (86.0, 25.51470164434615)
0.34065697636157044 (90.0, 21.794494717703365)
0.20776360099580463 (82.0, 28.618176042508374)
0.5032051717370365 (99.6794863550169, -4.0)
0.5778279019609647 (84.0, 27.12931993250108)
0.5766320243029199 (86.0, 25.51470164434615)
0.15994390600300168 (100.0, 0.0)
0.44391149550677567 (88.0, 23.748684174075834)
0.5487394543869296 (90.0, 21.794494717703365)
0.5128260266277629 (92.0, 19.595917942265423)
0.13617537415690126 (94.0, 17.058722109231987)
0.4824980811115296 (96.0, 14.000000000000002)
None
None
None
None
None
None
None
None
None
None
None
None
None
None
None
None
None
None
None
None
None
None
None
None
0.5403427473555378 (15.999999999999986, 49.35585071701227)
0.45903172575910894 (84.0, -27.12931993250108)
0.5587814078185664 (18.0, 49.18333050943175)
0.4832870486578934 (68.0, -36.66060555964671)
0.3744376949612865 (20.0, 48.98979485566356)
0.5428042057838512 (76.0, -32.49615361854384)
0.19229894179869123 (22.0, 48.774993593028796)
0.49086002379374977 (76.8374908491942, -32.0)
0.17328638385292533 (24.0, 48.53864439804639)
0.5576464772542409 (78.0, -31.28897569432403)
0.38747552302812494 (26.0, 48.28043081829325)
0.3764917860703767 (73.32121111929342, -34.0)
0.1102073704661267 (28.0, 48.0)
0.33102451561663815 (30.0, 47.69696007084728)
0.3437016828839563 (30.0, 47.69696007084728)
0.5655257964981067 (76.0, -32.49615361854384)
0.03141872238863679 (32.0, 47.37087712930804)
0.5724333611855628 (76.8374908491942, -32.0)
0.3340918353178008 (34.0, 47.02127178203499)
0.5341034279060161 (78.0, -31.28897569432403)
0.46897752260553033 (36.0, 46.647615158762406)
0.5287212627023214 (39.191835884530846, 46.0)
0.07909227224771863 (38.0, 46.24932431938871)
0.29243673563431055 (39.191835884530846, 46.0)
0.3565426169395269 (40.0, 45.8257569495584)
0.5967896164577284 (46.0, 44.39594576084623)
0.5472815267340836 (82.0, -28.618176042508374)
0.3545427667477071 (93.29523031752481, -18.0)
0.5048467582000348 (82.8492607088319, -28.0)
0.3952617179605728 (84.0, -27.12931993250108)
0.2802631568511747 (46.0, 44.39594576084623)
0.5830527637774713 (47.49736834815167, 44.0)
0.27144284539660324 (48.0, 43.86342439892262)
0.03450030201582268 (50.0, 43.30127018922193)
0.2974614144137936 (50.0, 43.30127018922193)
0.37044378509534104 (52.0, 42.708313008125245)
0.5535644257840752 (93.29523031752481, -18.0)
0.5646992756982928 (88.0, -23.748684174075834)
0.10037486746768112 (94.0, -17.058722109231987)
0.47944752389029255 (60.0, 40.0)
0.2733280762132092 (56.0, 41.42463035441595)
0.4166894480684372 (90.0, -21.794494717703365)
0.42707813158399355 (58.0, 40.7308237088326)
0.27551244700572003 (96.0, -14.000000000000002)
0.4817322405165966 (91.6515138991168, -20.0)
0.5095417787874466 (64.0, 38.4187454245971)
0.5611146488037364 (97.07728879609277, -12.0)
0.04080708912751566 (66.0, 37.5632799419859)
0.3259885262274437 (64.0, 38.4187454245971)
0.40941997080247794 (94.0, -17.058722109231987)
0.5762297413506146 (66.0, 37.5632799419859)
0.40771561546464014 (94.74175425861608, -16.0)
0.2919848711178979 (72.0, 34.698703145794944)
0.281672262519379 (70.0, 35.70714214271425)
0.49568452142187835 (82.0, 28.618176042508374)
0.32342153122149164 (72.0, 34.698703145794944)
0.21510882790320834 (78.0, 31.28897569432403)
0.4699388724368653 (74.0, 33.63034344160047)
0.598688418449267 (98.0, -9.94987437106621)
0.5653717413115376 (98.0, -9.94987437106621)
0.5456556438087294 (78.0, 31.28897569432403)
0.24270932984041288 (98.71170143402453, -8.0)
0.3347938226376438 (88.0, 23.748684174075834)
0.5940116523588089 (82.0, 28.618176042508374)
0.46742096969349867 (82.0, 28.618176042508374)
None
0.32710903004815667 (85.41662601625049, 26.0)
None
0.23562881794697013 (88.0, 23.748684174075834)
0.30460350923567886 (90.0, 21.794494717703365)
0.47073776524271277 (92.0, 19.595917942265423)
0.5508187777084329 (92.0, 19.595917942265423)
0.45917725742965276 (96.0, 14.000000000000002)
None
None
None
None
None
None
None
None
None
None
None
None
None
None
None
None
None
None
None
None
None
None
None
None
None
None
None
None
None
0.1538577526245107 (20.0, 48.98979485566356)
0.5623648494889849 (22.0, 48.774993593028796)
0.5487603297433451 (22.0, 48.774993593028796)
0.12135685269504547 (68.0, -36.66060555964671)
0.3141779651846017 (24.0, 48.53864439804639)
0.23476054312794936 (28.0, 48.0)
0.07248408580321249 (26.0, 48.28043081829325)
0.5887707608562869 (82.0, -28.618176042508374)
0.23411880602004603 (28.0, 48.0)
0.19711653422242717 (78.0, -31.28897569432403)
0.5340221896565016 (30.0, 47.69696007084728)
0.10655166238907095 (73.32121111929342, -34.0)
0.5733897232236824 (32.0, 47.37087712930804)
0.5718583240986722 (80.0, -29.999999999999993)
0.28963353895287963 (86.0, -25.51470164434615)
0.1554900941301712 (76.0, -32.49615361854384)
0.4986660169051255 (76.8374908491942, -32.0)
0.21554441266523974 (82.8492607088319, -28.0)
0.5857010626017068 (78.0, -31.28897569432403)
0.5239085992890258 (78.0, -31.28897569432403)
0.39363922191812545 (40.0, 45.8257569495584)
0.49851279603867404 (42.0, 45.37620521815371)
0.05921894000929365 (42.0, 45.37620521815371)
0.5555777107526929 (46.0, 44.39594576084623)
0.5329651139948981 (44.0, 44.8998886412873)
0.5686326615331678 (82.0, -28.618176042508374)
0.14543569668946502 (82.8492607088319, -28.0)
0.2832282217404522 (48.0, 43.86342439892262)
0.570028603880696 (52.0, 42.708313008125245)
0.3296001980423503 (56.0, 41.42463035441595)
0.5517047504568449 (50.0, 43.30127018922193)
0.4259489390014868 (62.0, 39.23009049186606)
0.15943365519709649 (52.0, 42.708313008125245)
0.06314999556190613 (92.0, -19.595917942265423)
0.22738244834825602 (54.0, 42.08325082500162)
0.26838040194395874 (88.0, -23.748684174075834)
0.565848115251643 (58.0, 40.7308237088326)
0.5304811085199225 (60.0, 40.0)
0.5666362732103735 (90.0, -21.794494717703365)
0.5563267873158845 (90.0, -21.794494717703365)
0.47095142528015327 (60.0, 40.0)
0.5872554604727692 (62.0, 39.23009049186606)
0.566497107100135 (99.27738916792686, -6.0)
0.5289085994239316 (64.0, 38.4187454245971)
0.32981659257213297 (64.99230723708769, 38.0)
0.2855262226001209 (66.0, 37.5632799419859)
0.41386048974644346 (94.0, -17.058722109231987)
0.5918928988372958 (72.0, 34.698703145794944)
0.36184171390035863 (94.74175425861608, -16.0)
0.41400513079547063 (70.0, 35.70714214271425)
0.5781320957132954 (76.0, 32.49615361854384)
0.2962137004787214 (96.0, -14.000000000000002)
0.04002365755204249 (78.0, 31.28897569432403)
0.5139329496299562 (97.07728879609277, -12.0)
0.42064280325609726 (99.91996797437437, -2.0)
0.35806133055023764 (76.8374908491942, 32.0)
0.5976316978790547 (78.0, 31.28897569432403)
0.5012353584962967 (86.0, 25.51470164434615)
0.49503843510773227 (98.71170143402453, -8.0)
0.12855268013866036 (82.0, 28.618176042508374)
0.22392183251437064 (99.27738916792686, -6.0)
0.38638286327066307 (99.6794863550169, -4.0)
0.3998390546162368 (85.41662601625049, 26.0)
0.543774818673861 (88.0, 23.748684174075834)
0.5607350616286928 (88.0, 23.748684174075834)
0.3658565534785981 (90.0, 21.794494717703365)
0.561300029621506 (92.0, 19.595917942265423)
0.3376228614885645 (94.74175425861608, 16.0)
0.32235025447258764 (96.0, 14.000000000000002)
None
None
None
None
None
None
None
None
None
None
None
None
None
None
None
None
None
None
None
None
None
None
None
None
None
None
None
None
None
None
None
None
None
0.2545048674611744 (24.0, 48.53864439804639)
0.49237005118974275 (26.0, 48.28043081829325)
0.4746981390723452 (26.0, 48.28043081829325)
0.37688022357316003 (68.0, -36.66060555964671)
0.3235173758085264 (74.0, -33.63034344160047)
0.45378476609088636 (30.0, 47.69696007084728)
0.18448426491177805 (80.0, -29.999999999999993)
0.34587176247428464 (32.0, 47.37087712930804)
0.5128356806307469 (32.0, 47.37087712930804)
0.5650825630437987 (72.0, -34.698703145794944)
0.25002878346027024 (34.0, 47.02127178203499)
0.4703483684842586 (73.32121111929342, -34.0)
0.3442200417263088 (36.0, 46.647615158762406)
0.1638368514967426 (80.0, -29.999999999999993)
0.22642784344498598 (40.0, 45.8257569495584)
0.4675738453392524 (76.0, -32.49615361854384)
0.46438550780876486 (40.0, 45.8257569495584)
0.3021699853009596 (42.0, 45.37620521815371)
0.3102199883417028 (42.0, 45.37620521815371)
0.506074200296125 (44.0, 44.8998886412873)
0.4110885263286757 (50.0, 43.30127018922193)
0.5255177549404509 (46.0, 44.39594576084623)
0.36942066812050545 (46.0, 44.39594576084623)
0.4395151528023611 (47.49736834815167, 44.0)
0.45908751571650647 (82.0, -28.618176042508374)
0.38401078965146856 (87.72684879784524, -24.0)
0.518366948052168 (82.8492607088319, -28.0)
0.3670800960781909 (84.0, -27.12931993250108)
0.38250233198674394 (54.0, 42.08325082500162)
0.4128381543434603 (54.0, 42.08325082500162)
0.5081569207050877 (86.0, -25.51470164434615)
0.4777916402840017 (94.74175425861608, -16.0)
0.3604278371679655 (64.0, 38.4187454245971)
0.41378781339149684 (87.72684879784524, -24.0)
0.4319761037988188 (70.0, 35.70714214271425)
0.3760027905992176 (60.0, 40.0)
0.42136750879960566 (94.0, -17.058722109231987)
0.4227612298101353 (62.0, 39.23009049186606)
0.48419430087706555 (66.0, 37.5632799419859)
0.15944983960155437 (64.0, 38.4187454245971)
0.3097408696454087 (64.99230723708769, 38.0)
0.3444997162881996 (66.0, 37.5632799419859)
0.11647060890697875 (99.27738916792686, -6.0)
0.5693797966171547 (93.29523031752481, -18.0)
0.49004561763387566 (93.29523031752481, -18.0)
0.3580713042126652 (98.0, -9.94987437106621)
0.49592606547657014 (72.0, 34.698703145794944)
0.5868327664432917 (73.32121111929342, 34.0)
0.5924493697428358 (73.32121111929342, 34.0)
0.5733851549912468 (99.27738916792686, -6.0)
0.38121604049215707 (76.0, 32.49615361854384)
0.5920969169442795 (82.8492607088319, 28.0)
0.5917282627583794 (82.8492607088319, 28.0)
0.186594642998867 (80.0, 29.999999999999993)
0.5925406319180755 (98.0, -9.94987437106621)
0.22638696385727358 (82.0, 28.618176042508374)
0.5671670450778201 (98.71170143402453, -8.0)
0.1492162835325193 (99.27738916792686, -6.0)
0.19134708253732588 (86.0, 25.51470164434615)
0.4800446716778953 (99.6794863550169, -4.0)
0.4558709134640895 (99.91996797437437, -2.0)
0.49292038887536327 (90.0, 21.794494717703365)
0.28727905189262976 (91.6515138991168, 20.0)
0.5434956532193917 (94.74175425861608, 16.0)
0.32003238129456546 (96.0, 14.000000000000002)
None
None
None
None
None
None
None
None
None
None
None
None
None
None
None
None
None
None
None
None
None
None
None
None
None
None
None
None
None
None
None
None
None
None
None
None
None
0.37851835391976096 (64.99230723708769, -38.0)
0.13919565441729473 (30.0, 47.69696007084728)
0.47996455044303343 (76.0, -32.49615361854384)
0.3765329308169173 (84.0, -27.12931993250108)
0.06802264488213795 (68.0, -36.66060555964671)
0.4444220516632102 (74.0, -33.63034344160047)
0.31936378383268854 (36.0, 46.647615158762406)
0.5834016932984025 (36.0, 46.647615158762406)
0.33809464778420645 (84.0, -27.12931993250108)
0.4771834700868907 (38.0, 46.24932431938871)
0.5637007845668458 (39.191835884530846, 46.0)
0.38885408029059604 (40.0, 45.8257569495584)
0.4510759733127442 (74.0, -33.63034344160047)
0.5645906933524023 (74.0, -33.63034344160047)
0.5974545686412512 (44.0, 44.8998886412873)
0.42315268342598605 (44.0, 44.8998886412873)
0.47285394556663424 (76.8374908491942, -32.0)
0.3432251092533084 (46.0, 44.39594576084623)
0.1273330270107219 (82.8492607088319, -28.0)
0.3248403875154961 (48.0, 43.86342439892262)
0.4186193144962052 (50.0, 43.30127018922193)
0.3794077409067717 (50.0, 43.30127018922193)
0.36651390075346635 (52.0, 42.708313008125245)
0.18392648976046364 (90.0, -21.794494717703365)
0.07399650160823318 (82.0, -28.618176042508374)
0.5488392963110332 (87.72684879784524, -24.0)
0.372196409570405 (56.0, 41.42463035441595)
0.09720249568671273 (56.0, 41.42463035441595)
0.30155359000056847 (60.0, 40.0)
0.5968958267523338 (58.0, 40.7308237088326)
0.2576072091282767 (86.0, -25.51470164434615)
0.5673801420057467 (60.0, 40.0)
0.5598854184919654 (91.6515138991168, -20.0)
0.3184247134239389 (62.0, 39.23009049186606)
0.3793188148767726 (64.99230723708769, 38.0)
0.4463222210460683 (66.0, 37.5632799419859)
0.4789434299996324 (90.0, -21.794494717703365)
0.5743017259546922 (94.0, -17.058722109231987)
0.44682060138141305 (68.0, 36.66060555964671)
0.37081871700665636 (91.6515138991168, -20.0)
0.572503361785726 (70.0, 35.70714214271425)
0.3275179223614188 (73.32121111929342, 34.0)
0.04147399812427301 (72.0, 34.698703145794944)
0.5986912910904345 (94.0, -17.058722109231987)
0.4356927984107823 (94.0, -17.058722109231987)
0.4680877678111065 (98.0, -9.94987437106621)
0.374592131072059 (76.0, 32.49615361854384)
0.433964254547927 (78.0, 31.28897569432403)
0.42896837231859725 (82.0, 28.618176042508374)
0.42907951173865844 (80.0, 29.999999999999993)
0.4284351855983694 (97.07728879609277, -12.0)
0.44953246395772195 (82.0, 28.618176042508374)
0.4272115716030369 (98.0, -9.94987437106621)
0.29904301284280943 (98.71170143402453, -8.0)
0.4523660194093227 (85.41662601625049, 26.0)
0.47286203072832345 (99.27738916792686, -6.0)
0.543335316657379 (88.0, 23.748684174075834)
0.32227459622958715 (90.0, 21.794494717703365)
0.13680692302381214 (91.6515138991168, 20.0)
0.1451905645595041 (93.29523031752481, 18.0)
0.4894662427470982 (96.0, 14.000000000000002)
0.5609026486854282 (96.0, 14.000000000000002)
None
None
None
None
None
None
None
None
None
None
None
None
None
None
None
None
None
None
None
None
None
None
None
None
None
None
None
None
None
None
None
None
None
None
None
None
None
None
None
None
0.281412918382261 (64.0, -38.4187454245971)
0.2788844166248014 (34.0, 47.02127178203499)
0.4972938474596143 (74.0, -33.63034344160047)
0.18302746256571753 (36.0, 46.647615158762406)
0.4986566978498151 (38.0, 46.24932431938871)
0.27014628505681537 (38.0, 46.24932431938871)
0.5800221603357081 (39.191835884530846, 46.0)
0.4932351036287585 (40.0, 45.8257569495584)
0.4956264623351182 (70.0, -35.70714214271425)
0.37506977850546264 (42.0, 45.37620521815371)
0.5130808053114592 (72.0, -34.698703145794944)
0.11590802937284579 (44.0, 44.8998886412873)
0.4378958771276658 (82.0, -28.618176042508374)
0.12725881588980997 (74.0, -33.63034344160047)
0.4092427116637557 (48.0, 43.86342439892262)
0.24594611518420906 (80.0, -29.999999999999993)
0.43781719148060344 (50.0, 43.30127018922193)
0.5385538460903985 (50.0, 43.30127018922193)
0.5822308710483869 (78.0, -31.28897569432403)
0.09732112430488239 (52.0, 42.708313008125245)
0.2668533417139948 (54.0, 42.08325082500162)
0.1254938879810963 (54.0, 42.08325082500162)
0.410281928136627 (58.0, 40.7308237088326)
0.3460953254308997 (85.41662601625049, -26.0)
0.318415475303538 (82.0, -28.618176042508374)
0.3039255341853475 (58.0, 40.7308237088326)
0.370191620547757 (87.72684879784524, -24.0)
0.49743433584351654 (84.0, -27.12931993250108)
0.5476554835930004 (66.0, 37.5632799419859)
0.5304167615814059 (89.7997772825746, -21.999999999999996)
0.5324702493941119 (64.0, 38.4187454245971)
0.4711848979300278 (64.0, 38.4187454245971)
0.4914948183231212 (66.0, 37.5632799419859)
0.5670617475004844 (88.0, -23.748684174075834)
0.5207886449917196 (68.0, 36.66060555964671)
0.47309542312528646 (93.29523031752481, -18.0)
0.5770318259977336 (70.0, 35.70714214271425)
0.5152114618636557 (94.0, -17.058722109231987)
0.04477650985874847 (74.0, 33.63034344160047)
0.2763635560075323 (92.0, -19.595917942265423)
0.4489251706898918 (74.0, 33.63034344160047)
0.45778985033919317 (93.29523031752481, -18.0)
0.5423499722458034 (93.29523031752481, -18.0)
0.5229104450625506 (76.8374908491942, 32.0)
0.2761630796830414 (94.74175425861608, -16.0)
0.3058035874058976 (80.0, 29.999999999999993)
0.42720076775062255 (96.0, -14.000000000000002)
0.4902002015185471 (85.41662601625049, 26.0)
0.34975865193718975 (82.8492607088319, 28.0)
0.09156720318707212 (88.0, 23.748684174075834)
0.491803771870368 (86.0, 25.51470164434615)
0.5929100888484055 (86.0, 25.51470164434615)
0.07082138002845753 (88.0, 23.748684174075834)
0.5202841446328039 (90.0, 21.794494717703365)
0.5202841446328039 (90.0, 21.794494717703365)
0.043621726761357164 (92.0, 19.595917942265423)
0.4620707853493149 (99.91996797437437, -2.0)
0.43292568969494133 (96.0, 14.000000000000002)
0.1738744991750707 (98.0, 9.94987437106621)
None
None
None
None
None
None
None
None
None
None
None
None
None
None
None
None
None
None
None
None
None
None
None
None
None
None
None
None
None
None
None
None
None
None
None
None
None
None
None
None
None
None
None
0.35982846223888904 (36.0, 46.647615158762406)
0.11944309287627286 (38.0, 46.24932431938871)
0.20637386881698336 (39.191835884530846, 46.0)
0.3118354890265804 (40.0, 45.8257569495584)
0.4650610173744565 (66.0, -37.5632799419859)
0.3046273993169876 (42.0, 45.37620521815371)
0.4398660169980687 (68.0, -36.66060555964671)
0.35283642191275705 (44.0, 44.8998886412873)
0.30902128987519945 (76.8374908491942, -32.0)
0.45894638877488436 (46.0, 44.39594576084623)
0.43800633780312304 (47.49736834815167, 44.0)
0.10042452109515444 (48.0, 43.86342439892262)
0.2705823061565795 (80.0, -29.999999999999993)
0.46715560585390814 (50.0, 43.30127018922193)
0.051295342853511616 (74.0, -33.63034344160047)
0.16432897136826105 (52.0, 42.708313008125245)
0.5673009701802542 (86.0, -25.51470164434615)
0.3429495901686057 (54.0, 42.08325082500162)
0.2861015722248582 (76.8374908491942, -32.0)
0.3675953090171382 (56.0, 41.42463035441595)
0.5221087811489561 (82.8492607088319, -28.0)
0.546769956722682 (60.0, 40.0)
0.16365755427825515 (80.0, -29.999999999999993)
0.45811166383310276 (60.0, 40.0)
0.5884811819403467 (62.0, 39.23009049186606)
0.4525059563956396 (62.0, 39.23009049186606)
0.47862801203429695 (82.8492607088319, -28.0)
0.4169584473001222 (87.72684879784524, -24.0)
0.5398644520358062 (66.0, 37.5632799419859)
0.40072525399695164 (66.0, 37.5632799419859)
0.4410692697390558 (89.7997772825746, -21.999999999999996)
0.4517788755502913 (70.0, 35.70714214271425)
0.5548522505007843 (70.0, 35.70714214271425)
0.3211280428252073 (72.0, 34.698703145794944)
0.40731573598510584 (74.0, 33.63034344160047)
0.5498616669801067 (76.0, 32.49615361854384)
0.43763656992005284 (74.0, 33.63034344160047)
0.3237397529004217 (76.0, 32.49615361854384)
0.3769544025938697 (94.74175425861608, -16.0)
0.3200136836386877 (92.0, -19.595917942265423)
0.13887298984641536 (78.0, 31.28897569432403)
0.5757503062218748 (93.29523031752481, -18.0)
0.43112178885509544 (94.0, -17.058722109231987)
0.5348047840013529 (84.0, 27.12931993250108)
0.5590592322311482 (82.0, 28.618176042508374)
0.3920812927370922 (84.0, 27.12931993250108)
0.4864048218499306 (96.0, -14.000000000000002)
0.5508258134165689 (86.0, 25.51470164434615)
0.015768140859318235 (90.0, 21.794494717703365)
0.16378429554077734 (98.0, -9.94987437106621)
0.5499572688958542 (98.71170143402453, -8.0)
0.5545601848966764 (98.71170143402453, -8.0)
0.42484205171603867 (99.27738916792686, -6.0)
0.4700489771924296 (94.0, 17.058722109231987)
0.5890707608058559 (94.0, 17.058722109231987)
None
None
None
None
None
None
None
None
None
None
None
None
None
None
None
None
None
None
None
None
None
None
None
None
None
None
None
None
None
None
None
None
None
None
None
None
None
None
None
None
None
None
None
None
None
None
None
0.41007829002731067 (62.0, -39.23009049186606)
0.5372549685328492 (42.0, 45.37620521815371)
0.5929825085823445 (42.0, 45.37620521815371)
0.08950351383497146 (44.0, 44.8998886412873)
0.38696436108325527 (72.0, -34.698703145794944)
0.45287637173277073 (46.0, 44.39594576084623)
0.3567095549097244 (70.0, -35.70714214271425)
0.4883939679810678 (48.0, 43.86342439892262)
0.48086274620831426 (72.0, -34.698703145794944)
0.493774256474642 (50.0, 43.30127018922193)
0.2508037844249027 (70.0, -35.70714214271425)
0.10917560001452224 (52.0, 42.708313008125245)
0.5999247604120022 (52.0, 42.708313008125245)
0.2622201282150782 (54.0, 42.08325082500162)
0.46431023464559773 (73.32121111929342, -34.0)
0.12206242561771145 (74.0, -33.63034344160047)
0.37697391467768043 (78.0, -31.28897569432403)
0.19460839660813467 (58.0, 40.7308237088326)
0.5877795043983893 (76.0, -32.49615361854384)
0.5822103193555537 (60.0, 40.0)
0.28225721616161853 (58.0, 40.7308237088326)
0.1601415924169196 (82.0, -28.618176042508374)
0.48042454150479375 (86.0, -25.51470164434615)
0.0873075193684658 (64.0, 38.4187454245971)
0.4603708727298199 (64.99230723708769, 38.0)
0.5824760988613793 (85.41662601625049, -26.0)
0.5861803541566003 (82.0, -28.618176042508374)
0.310857595051106 (68.0, 36.66060555964671)
0.5405075825882459 (69.39740629158989, 36.0)
0.4154240664468238 (93.29523031752481, -18.0)
0.48442619621989597 (85.41662601625049, -26.0)
0.44938432459319555 (72.0, 34.698703145794944)
0.3508547375600782 (73.32121111929342, 34.0)
0.5903560554814791 (87.72684879784524, -24.0)
0.23461133669650028 (76.0, 32.49615361854384)
0.38346214510762294 (76.0, 32.49615361854384)
0.41064399822357284 (76.8374908491942, 32.0)
0.510932171810034 (93.29523031752481, -18.0)
0.37972741053579606 (80.0, 29.999999999999993)
0.37917461914476186 (80.0, 29.999999999999993)
0.1932670231055617 (82.8492607088319, 28.0)
0.3035870972636478 (82.8492607088319, 28.0)
0.044991454777329666 (94.0, -17.058722109231987)
0.3407800953638786 (97.07728879609277, -12.0)
0.5327274067619904 (86.0, 25.51470164434615)
0.5832340821498879 (92.0, 19.595917942265423)
0.19888131201290915 (88.0, 23.748684174075834)
0.5687181442899687 (97.07728879609277, -12.0)
0.28364598872919516 (90.0, 21.794494717703365)
0.5434380422427949 (92.0, 19.595917942265423)
0.3997554077383493 (98.71170143402453, -8.0)
0.30007234075419864 (99.27738916792686, -6.0)
0.477220927383349 (96.0, 14.000000000000002)
0.5570666778370571 (96.0, 14.000000000000002)
0.322985235914548 (98.0, 9.94987437106621)
None
None
None
None
None
None
None
None
None
None
None
None
None
None
None
None
None
None
None
None
None
None
None
None
None
None
None
None
None
None
None
None
None
None
None
None
None
None
None
None
None
None
None
None
None
None
None
0.5436145660676924 (60.0, -40.0)
0.3121783914316435 (64.0, -38.4187454245971)
0.2664562818421323 (62.0, -39.23009049186606)
0.41399789840313217 (66.0, -37.5632799419859)
0.22271152548209627 (48.0, 43.86342439892262)
0.5116731982978684 (50.0, 43.30127018922193)
0.49783109862394087 (50.0, 43.30127018922193)
0.10493760140626976 (66.0, -37.5632799419859)
0.4822211591477473 (52.0, 42.708313008125245)
0.4478047956845802 (73.32121111929342, -34.0)
0.4783852801757138 (54.25863986500216, 42.0)
0.2646132708958761 (69.39740629158989, -36.0)
0.40589151250059297 (56.0, 41.42463035441595)
0.24288423424029648 (74.0, -33.63034344160047)
0.18801490133116752 (58.0, 40.7308237088326)
0.26800420358981414 (58.0, 40.7308237088326)
0.48483482415617235 (74.0, -33.63034344160047)
0.4816725818256888 (80.0, -29.999999999999993)
0.2936723854780599 (62.0, 39.23009049186606)
0.5185761766918029 (76.0, -32.49615361854384)
0.018489547198859285 (76.8374908491942, -32.0)
0.5156173145822198 (82.8492607088319, -28.0)
0.5284373409691869 (66.0, 37.5632799419859)
0.4716787076527459 (82.0, -28.618176042508374)
0.48785563687538674 (68.0, 36.66060555964671)
0.49950138235217045 (84.0, -27.12931993250108)
0.0792883937488745 (70.0, 35.70714214271425)
0.44561796570654394 (82.8492607088319, -28.0)
0.3757776876864768 (72.0, 34.698703145794944)
0.5042261504282082 (73.32121111929342, 34.0)
0.34008194454049084 (74.0, 33.63034344160047)
0.5122063318932442 (85.41662601625049, -26.0)
0.4933763656429097 (76.0, 32.49615361854384)
0.5805706198688048 (90.0, -21.794494717703365)
0.47539129017591897 (78.0, 31.28897569432403)
0.44182732828626153 (91.6515138991168, -20.0)
0.597692745462903 (89.7997772825746, -21.999999999999996)
0.3776745626996423 (82.0, 28.618176042508374)
0.36382165848879877 (82.0, 28.618176042508374)
0.49828088166711965 (84.0, 27.12931993250108)
0.5207393031300508 (84.0, 27.12931993250108)
0.04979182665098377 (85.41662601625049, 26.0)
0.34549226410733663 (94.0, -17.058722109231987)
0.4633359304391115 (97.07728879609277, -12.0)
0.5376531553183674 (97.07728879609277, -12.0)
0.037726171940356705 (98.0, -9.94987437106621)
0.32299669256356217 (92.0, 19.595917942265423)
0.48946478197987453 (99.27738916792686, -6.0)
0.49357844444293864 (94.0, 17.058722109231987)
0.45621159412992895 (94.0, 17.058722109231987)
0.27644175826897704 (98.0, 9.94987437106621)
0.45684917226708543 (99.6794863550169, 4.0)
None
None
None
None
None
None
None
None
None
None
None
None
None
None
None
None
None
None
None
None
None
None
None
None
None
None
None
None
None
None
None
None
None
None
None
None
None
None
None
None
None
None
None
None
None
None
None
None
None
None
0.1131530485019863 (48.0, 43.86342439892262)
0.4546720064437451 (48.0, 43.86342439892262)
0.5005216454891934 (50.0, 43.30127018922193)
0.5732596003517186 (64.0, -38.4187454245971)
0.5183053380216605 (62.0, -39.23009049186606)
0.40911859890821706 (52.0, 42.708313008125245)
0.48708196695466804 (54.0, 42.08325082500162)
0.5003894735076067 (54.25863986500216, 42.0)
0.440593807822013 (56.0, 41.42463035441595)
0.35443325515729024 (66.0, -37.5632799419859)
0.43875707286782795 (70.0, -35.70714214271425)
0.5734295955185177 (58.0, 40.7308237088326)
0.4329551865970779 (74.0, -33.63034344160047)
0.5819095366561274 (60.0, 40.0)
0.5870826442865245 (62.0, 39.23009049186606)
0.4311854019853147 (62.0, 39.23009049186606)
0.45601432233213995 (62.0, 39.23009049186606)
0.35347824004369743 (73.32121111929342, -34.0)
0.35990044641728575 (74.0, -33.63034344160047)
0.2921158314121912 (66.0, 37.5632799419859)
0.391559472825464 (66.0, 37.5632799419859)
0.566498487762957 (76.0, -32.49615361854384)
0.5326946906468069 (76.8374908491942, -32.0)
0.22316269395239102 (70.0, 35.70714214271425)
0.46131515743924795 (70.0, 35.70714214271425)
0.25304261932820393 (80.0, -29.999999999999993)
0.5988689379032796 (73.32121111929342, 34.0)
0.14925086410481075 (74.0, 33.63034344160047)
0.47326313312258245 (82.0, -28.618176042508374)
0.42928103204933726 (82.8492607088319, -28.0)
0.5719083958138227 (76.8374908491942, 32.0)
0.16416100269918368 (78.0, 31.28897569432403)
0.38189577423819526 (85.41662601625049, -26.0)
0.4683323053646056 (76.0, 32.49615361854384)
0.5214509312988271 (89.7997772825746, -21.999999999999996)
0.5529101921135596 (87.72684879784524, -24.0)
0.5624792636146904 (82.0, 28.618176042508374)
0.2935091405434136 (84.0, 27.12931993250108)
0.5101931122452603 (84.0, 27.12931993250108)
0.28822180950214477 (86.0, 25.51470164434615)
0.23108444462998437 (86.0, 25.51470164434615)
0.5054597277156868 (88.0, 23.748684174075834)
0.3882509369984587 (88.0, 23.748684174075834)
0.5629116423114746 (90.0, 21.794494717703365)
0.46918144794892513 (97.07728879609277, -12.0)
0.38039259406548903 (92.0, 19.595917942265423)
0.2380160380836717 (98.0, -9.94987437106621)
0.17382565045650264 (94.0, 17.058722109231987)
0.2901952018953666 (96.0, 14.000000000000002)
0.37155191107546603 (99.6794863550169, -4.0)
0.3672155078870958 (98.0, 9.94987437106621)
0.4980756800777939 (90.0, 21.794494717703365)
None
None
None
None
None
None
None
None
None
None
None
None
None
None
None
None
None
None
None
None
None
None
None
None
None
None
None
None
None
None
None
None
None
None
None
None
None
None
None
None
None
None
None
None
None
None
None
None
None
None
0.5196688357367194 (56.0, -41.42463035441595)
0.586505532333164 (50.0, 43.30127018922193)
0.4860747946008061 (47.49736834815167, 44.0)
0.26846300791928196 (54.0, 42.08325082500162)
0.3400763673868402 (60.0, -40.0)
0.5811188800233077 (56.0, 41.42463035441595)
0.3422993400488906 (64.0, -38.4187454245971)
0.3888777932720689 (56.0, 41.42463035441595)
0.308241696021048 (74.0, -33.63034344160047)
0.5696314228093887 (60.0, 40.0)
0.44352291636123764 (60.0, 40.0)
0.4231679378143133 (66.0, -37.5632799419859)
0.3823361167624193 (69.39740629158989, -36.0)
0.38215055586259733 (62.0, 39.23009049186606)
0.5504120819861454 (64.0, 38.4187454245971)
0.5011470263498834 (70.0, -35.70714214271425)
0.34960549600177154 (66.0, 37.5632799419859)
0.5148695902569392 (66.0, 37.5632799419859)
0.3898919646366581 (74.0, -33.63034344160047)
0.22610562940526535 (73.32121111929342, -34.0)
0.20111398129548308 (70.0, 35.70714214271425)
0.5750846697817693 (76.8374908491942, -32.0)
0.4123987693013711 (72.0, 34.698703145794944)
0.22785425162657416 (76.8374908491942, -32.0)
0.43141155695102396 (74.0, 33.63034344160047)
0.5197739477032635 (73.32121111929342, 34.0)
0.03583231428106547 (82.8492607088319, -28.0)
0.20137647778926943 (80.0, -29.999999999999993)
0.5906303227249927 (76.8374908491942, 32.0)
0.5461404084444181 (82.0, -28.618176042508374)
0.17824494350557166 (82.8492607088319, -28.0)
0.299262255456462 (80.0, 29.999999999999993)
0.5354236150158511 (76.8374908491942, 32.0)
0.18931141793792985 (85.41662601625049, -26.0)
0.30330761503274006 (82.8492607088319, 28.0)
0.5431360533318886 (82.0, 28.618176042508374)
0.44901359421876225 (88.0, -23.748684174075834)
0.25052409780545193 (86.0, 25.51470164434615)
0.3149120410251858 (89.7997772825746, -21.999999999999996)
0.26059714254910765 (88.0, 23.748684174075834)
0.48850881037300975 (91.6515138991168, -20.0)
0.37665028280527735 (90.0, 21.794494717703365)
0.4731304153618039 (93.29523031752481, -18.0)
0.45321922018869176 (92.0, 19.595917942265423)
0.5604030744669849 (92.0, 19.595917942265423)
0.38888902025869515 (93.29523031752481, 18.0)
0.4310093536801619 (96.0, -14.000000000000002)
0.31482260083798236 (97.07728879609277, -12.0)
0.5615559989675255 (96.0, 14.000000000000002)
0.3642110652809418 (98.71170143402453, -8.0)
0.5597506089892121 (98.0, 9.94987437106621)
0.3796108223908435 (99.91996797437437, -2.0)
0.29128918829116446 (98.0, 9.94987437106621)
0.516509862943365 (92.0, 19.595917942265423)
0.1805320025756129 (90.0, 21.794494717703365)
0.28029766535847245 (88.0, 23.748684174075834)
None
None
None
None
None
None
None
None
None
None
None
None
None
None
None
None
None
None
None
None
None
None
None
None
None
None
None
None
None
None
None
None
None
None
None
None
None
None
None
None
None
None
None
None
None
None
0.38530645729020385 (54.0, 42.08325082500162)
0.3651549168441335 (54.25863986500216, -42.0)
0.4665332926444806 (48.0, 43.86342439892262)
0.49023141859692304 (58.0, -40.7308237088326)
0.13326750491541858 (62.0, -39.23009049186606)
0.42938825073630876 (56.0, 41.42463035441595)
0.4723713192852002 (52.0, 42.708313008125245)
0.1742430504416035 (60.0, 40.0)
0.41876503079047106 (54.0, 42.08325082500162)
0.03825460733521169 (62.0, 39.23009049186606)
0.5685063363619836 (64.99230723708769, -38.0)
0.4873503327788428 (64.0, 38.4187454245971)
0.241631556476392 (64.99230723708769, -38.0)
0.502878738176991 (66.0, 37.5632799419859)
0.5381304663319036 (68.0, -36.66060555964671)
0.5717724180963298 (66.0, 37.5632799419859)
0.3171362470718488 (70.0, -35.70714214271425)
0.04502145035229432 (69.39740629158989, -36.0)
0.4581929734380995 (70.0, 35.70714214271425)
0.3113917116436938 (69.39740629158989, 36.0)
0.3527245616572516 (74.0, -33.63034344160047)
0.34248290132840964 (73.32121111929342, -34.0)
0.37026809189927046 (74.0, 33.63034344160047)
0.2792567463791376 (80.0, -29.999999999999993)
0.45247225329668045 (80.0, -29.999999999999993)
0.20836797850223832 (76.8374908491942, -32.0)
0.470619611065885 (76.0, 32.49615361854384)
0.511904780439287 (74.0, 33.63034344160047)
0.52180452210861 (78.0, 31.28897569432403)
0.3030399291527175 (80.0, 29.999999999999993)
0.3439846714079574 (82.8492607088319, -28.0)
0.3855031244546383 (85.41662601625049, -26.0)
0.15073929116809381 (82.8492607088319, -28.0)
0.5232311713437573 (85.41662601625049, -26.0)
0.5000934881345565 (82.8492607088319, 28.0)
0.5604961532864848 (86.0, 25.51470164434615)
0.5114045241702261 (88.0, -23.748684174075834)
0.5943882837898978 (88.0, 23.748684174075834)
0.5253652403936968 (88.0, 23.748684174075834)
0.5747708756033916 (89.7997772825746, -21.999999999999996)
0.30472988732631806 (90.0, 21.794494717703365)
0.49546868424253554 (90.0, 21.794494717703365)
0.40421090330907394 (92.0, 19.595917942265423)
0.4785608269565671 (93.29523031752481, -18.0)
0.5214391730434329 (93.29523031752481, -18.0)
0.09760497562834303 (94.74175425861608, -16.0)
0.5075751779462507 (96.0, 14.000000000000002)
0.49242482205374927 (96.0, 14.000000000000002)
0.2840166199437988 (97.07728879609277, -12.0)
0.25559156006456335 (98.0, 9.94987437106621)
0.4485553884670139 (98.71170143402453, -8.0)
0.36052965779590807 (99.6794863550169, -4.0)
0.4794474784160519 (100.0, 0.0)
0.5840973534504021 (96.0, 14.000000000000002)
0.5488364436061395 (98.0, 9.94987437106621)
0.4474986569233156 (99.6794863550169, 4.0)
0.4994526717310443 (94.0, 17.058722109231987)
0.44220756507539916 (98.0, 9.94987437106621)
0.12210909247231222 (96.0, 14.000000000000002)
0.4183528199727739 (92.0, 19.595917942265423)
None
None
None
None
None
None
None
None
None
None
None
None
None
None
None
None
None
None
None
None
None
None
None
None
None
None
None
None
None
None
None
None
None
None
None
None
None
None
None
None
None
None
